RESULTS

BinaryAccuracy:0.8333333134651184
BinaryPrecision:0.9983311891555786
BinaryRecall:0.38885000348091125
BinaryAveragePrecision:0.9730184078216553
BinaryF1Score:0.5596977472305298
