RESULTS

BinaryAccuracy:0.8333333134651184
BinaryPrecision:0.9615773558616638
BinaryRecall:0.6657000184059143
BinaryAveragePrecision:0.9672048687934875
BinaryF1Score:0.7867399454116821
